17 0.21153846153846154 0.5360576923076923 0.13942307692307693 0.3076923076923077
17 0.34975961538461536 0.5288461538461539 0.10336538461538461 0.2980769230769231
17 0.41947115384615385 0.5024038461538461 0.10817307692307693 0.28365384615384615
17 0.4831730769230769 0.5504807692307693 0.09615384615384616 0.2932692307692308
17 0.5600961538461539 0.5516826923076923 0.09134615384615384 0.2620192307692308
17 0.6105769230769231 0.5048076923076923 0.12980769230769232 0.24519230769230768
17 0.8449519230769231 0.5925480769230769 0.12740384615384615 0.31009615384615385
17 0.7415865384615384 0.5504807692307693 0.11778846153846154 0.25
17 0.6862980769230769 0.515625 0.07932692307692307 0.29086538461538464
17 0.8137019230769231 0.4254807692307692 0.09375 0.1201923076923077
