17 0.7307692307692307 0.47115384615384615 0.11153846153846154 0.24615384615384617
17 0.6201923076923077 0.47692307692307695 0.08269230769230769 0.23846153846153847
17 0.5644230769230769 0.49807692307692303 0.08653846153846155 0.22692307692307692
17 0.5134615384615384 0.4596153846153846 0.07692307692307693 0.23461538461538464
17 0.4519230769230769 0.4586538461538462 0.07307692307692308 0.20961538461538465
17 0.4115384615384615 0.49615384615384617 0.10384615384615387 0.19615384615384615
17 0.22403846153846152 0.4259615384615385 0.10192307692307692 0.24807692307692308
17 0.3067307692307692 0.4596153846153846 0.09423076923076923 0.2
17 0.35096153846153844 0.48750000000000004 0.06346153846153846 0.23269230769230773
17 0.24903846153846151 0.5596153846153846 0.07500000000000001 0.09615384615384616
