17 0.8173076923076923 0.46033653846153844 0.15336538461538463 0.3384615384615385
17 0.6652644230769231 0.46826923076923077 0.11370192307692308 0.3278846153846154
17 0.5885817307692307 0.49735576923076924 0.11899038461538462 0.31201923076923077
17 0.5185096153846154 0.44447115384615377 0.10576923076923078 0.32259615384615387
17 0.4338942307692308 0.44314903846153847 0.10048076923076923 0.2882211538461539
17 0.37836538461538455 0.4947115384615385 0.14278846153846156 0.26971153846153845
17 0.12055288461538456 0.39819711538461544 0.14014423076923077 0.34110576923076924
17 0.23425480769230766 0.44447115384615377 0.1295673076923077 0.275
17 0.29507211538461536 0.4828125 0.0872596153846154 0.3199519230769231
17 0.1549278846153846 0.5819711538461538 0.10312500000000001 0.13221153846153846
