34 0.33870192307692304 0.682451923076923 0.0 0.0
34 0.24218749999999997 0.5092548076923077 0.19302884615384616 0.3463942307692308
34 0.5052884615384615 0.3268028846153846 0.3331730769230769 0.711298076923077
34 0.36911057692307697 0.46959134615384623 0.0608173076923077 0.4257211538461539
34 0.41141826923076924 0.6375 0.14543269230769232 0.08990384615384617
34 0.1602163461538461 0.38497596153846153 0.3569711538461539 0.5949519230769231
34 0.2620192307692307 0.6480769230769231 0.15336538461538463 0.06875
34 0.44314903846153847 0.6520432692307693 0.20889423076923078 0.0608173076923077
34 0.44314903846153847 0.6520432692307693 0.20889423076923078 0.0608173076923077
34 0.44314903846153847 0.6520432692307693 0.20889423076923078 0.0608173076923077
