34 0.38269230769230766 0.6326923076923077 0.0 0.0
34 0.3125 0.5067307692307692 0.14038461538461539 0.2519230769230769
34 0.5038461538461538 0.37403846153846154 0.2423076923076923 0.5173076923076924
34 0.4048076923076923 0.4778846153846154 0.04423076923076923 0.3096153846153846
34 0.43557692307692303 0.6 0.10576923076923078 0.06538461538461539
34 0.2528846153846154 0.4163461538461538 0.25961538461538464 0.4326923076923077
34 0.3269230769230769 0.6076923076923078 0.11153846153846154 0.05
34 0.4586538461538462 0.6105769230769231 0.15192307692307694 0.04423076923076923
34 0.4586538461538462 0.6105769230769231 0.15192307692307694 0.04423076923076923
34 0.4586538461538462 0.6105769230769231 0.15192307692307694 0.04423076923076923
