34 0.35336538461538464 0.33413461538461536 0.0 0.0
34 0.265625 0.49158653846153844 0.17548076923076922 0.31490384615384615
34 0.5048076923076923 0.6574519230769231 0.30288461538461536 0.6466346153846154
34 0.38100961538461536 0.5276442307692307 0.055288461538461536 0.3870192307692308
34 0.41947115384615385 0.375 0.13221153846153846 0.08173076923076923
34 0.19110576923076922 0.6045673076923077 0.3245192307692308 0.5408653846153846
34 0.28365384615384615 0.36538461538461536 0.13942307692307693 0.0625
34 0.4483173076923077 0.36177884615384615 0.18990384615384615 0.055288461538461536
34 0.4483173076923077 0.36177884615384615 0.18990384615384615 0.055288461538461536
34 0.4483173076923077 0.36177884615384615 0.18990384615384615 0.055288461538461536
